N2.20141016.25568.fits , 1941.409147378601 , 0.20914363183143214 , 205.61068968313936 , 0.19987409178635623
N2.20141016.25677.fits , 1942.055460712682 , 0.527855078398655 , 206.25873725433144 , 0.5108966552847245
N2.20141016.25700.fits , 1941.8061266762818 , 0.659631627660178 , 206.62331381805336 , 0.637167396160254
N2.20141016.25723.fits , 1942.260347150662 , 0.6808330020170291 , 206.95553482626323 , 0.6426246886086066
N2.20141016.25749.fits , 1942.07288039638 , 0.7021675317264271 , 206.79753756327804 , 0.6578521454320112
N2.20141016.25772.fits , 1942.3794922798882 , 0.7952449860322032 , 207.43564558912763 , 0.7501374937018092
N2.20141016.25795.fits , 1941.9126000343183 , 0.7473881121840943 , 206.88947162847742 , 0.7169535159592411
N2.20141016.25818.fits , 1942.5900816636527 , 0.6033824577428718 , 206.56040166439024 , 0.5603810574403192
N2.20141016.25841.fits , 1941.6171865887873 , 0.6288706646696786 , 206.36232789638134 , 0.6008845757874254
N2.20141016.25864.fits , 1941.5367020614653 , 0.6768171373093264 , 206.13438734981094 , 0.6429387890806147
N2.20141016.25922.fits , 1941.2811672522655 , 1.6911672398550825 , 206.08426739995423 , 1.6126758966465482
N2.20141016.25968.fits , 1941.8912789107587 , 1.4731345266119473 , 205.99193808895438 , 1.3529548898435853
N2.20141016.25991.fits , 1941.6400863068232 , 1.6247096179130436 , 205.98038263857094 , 1.6186444112264917
N2.20141016.26014.fits , 1943.3751569857175 , 1.6409592809901574 , 206.8043236440117 , 1.5774450301425742
N2.20141016.26037.fits , 1942.699570435277 , 1.7153542507997726 , 206.96913527898673 , 1.731049953569271
N2.20141016.26060.fits , 1941.6511113596225 , 1.5950263381110228 , 205.28156999965222 , 1.6410637860811184
N2.20141016.26083.fits , 1943.351859245169 , 1.41904337389455 , 207.00764176029978 , 1.4663762471272503
N2.20141016.26107.fits , 1941.820104492564 , 1.7043395054580475 , 206.94177418318532 , 1.6715007046929369
N2.20141016.26163.fits , 1941.2936796580032 , 0.5835544975868502 , 206.1429793424319 , 0.5644585743614919
N2.20141016.26190.fits , 1941.9873161431171 , 0.5754096275496915 , 206.40271856007013 , 0.5557801533496036
N2.20141016.26214.fits , 1941.5719674517054 , 0.425449369356526 , 206.17939620633868 , 0.3984330061378146
N2.20141016.26237.fits , 1942.2566214757162 , 0.851992666690438 , 207.04825214828153 , 0.8641852577084552
N2.20141016.26260.fits , 1942.4770437473962 , 0.565494481306087 , 206.0070350760521 , 0.5444321449177665
N2.20141016.26283.fits , 1941.487496527763 , 0.4389071523669385 , 205.98277990681498 , 0.4219162243096577
N2.20141016.26306.fits , 1941.5833939962192 , 0.4964435922444415 , 205.82624031171974 , 0.4628770392422664
N2.20141016.26329.fits , 1941.826888533079 , 0.404943044398379 , 206.1675194990441 , 0.38714647653633394
N2.20141016.26352.fits , 1941.8396338287114 , 0.4452706962629902 , 206.29759335474893 , 0.4169720667591519
