N2.20141016.25568.fits , 1952.2677761026441 , 0.21226625194759208 , 276.04553576015985 , 0.005768554273848812 , 2410.288844819081 , 394.20982954838934 , -3.55648426 , 43.28576839378405 , 0.05429290799209407 , 1.006875943363149 , 0.007089610324431926
N2.20141016.25677.fits , 1952.9756003952255 , 0.5377531176696857 , 276.0625560868408 , 0.014682526815653837 , 2057.0874421300127 , 137.83725820106582 , -3.63493232 , 40.75966908817085 , 0.07607267367564861 , 1.0058017272287838 , 0.006649670912368381
N2.20141016.25700.fits , 1952.7686367260817 , 0.6725210083685008 , 276.0737594565814 , 0.018295367589985612 , 1836.8364487238878 , 109.17231498875663 , -3.61980848 , 40.98107384765026 , 0.09068002778774797 , 1.0064183090866843 , 0.007543286913405761
N2.20141016.25723.fits , 1953.260766195835 , 0.6946189461590345 , 276.08207782066665 , 0.018412589276276415 , 2009.4653081270044 , 118.46687988292436 , -3.62277764 , 41.21066323471849 , 0.08937360185851068 , 1.007306198806792 , 0.009193076364869624
N2.20141016.25749.fits , 1953.0542179078702 , 0.7135492190077604 , 276.07799769144196 , 0.01893641862350156 , 1934.1242095584341 , 105.66576734231691 , -3.64756176 , 42.02496779979658 , 0.09398839679048732 , 1.0077262263315903 , 0.00967244629868191
N2.20141016.25772.fits , 1953.4242482837699 , 0.8092962832452779 , 276.095705423601 , 0.021556913575693306 , 1860.0629843708425 , 90.94211827636548 , -3.64740486 , 42.06337005986718 , 0.09964468808921212 , 1.0085847415614193 , 0.010273912404216871
N2.20141016.25795.fits , 1952.9068118137766 , 0.7602463847571524 , 276.0813541716099 , 0.02063408653368875 , 1987.7636049596608 , 112.42925537902993 , -3.65176122 , 41.76842762445078 , 0.10683250222774511 , 1.0064664967764738 , 0.007303063577453024
N2.20141016.25818.fits , 1953.5343322825454 , 0.6129001530162494 , 276.06973313169584 , 0.0161297986860722 , 1928.8444187549226 , 122.39238158072523 , -3.63172465 , 40.84473062722873 , 0.08422250985887912 , 1.0071927429882326 , 0.008728789077290602
N2.20141016.25841.fits , 1952.552000838979 , 0.6394139320766469 , 276.066817578828 , 0.01730279532188171 , 1924.300396470374 , 123.6298954438663 , -3.59425207 , 40.79222800619442 , 0.08656905025611084 , 1.0052817404751127 , 0.0056744037669998575
N2.20141016.25864.fits , 1952.4499004331024 , 0.6869643463253223 , 276.0604518611648 , 0.018548869230303227 , 1848.58863613018 , 100.69788733276306 , -3.61763323 , 41.476652039017125 , 0.08740528317385435 , 1.0081545194954113 , 0.010316955409001901
N2.20141016.25922.fits , 1952.1880823927033 , 1.7507841158753206 , 276.05993954999656 , 0.045425944288506326 , 639.8952367757319 , 42.575664710364485 , -4.11204571 , 35.99094477076057 , 0.1405518262436175 , 1.0066891649641014 , 0.007403530697115278
N2.20141016.25968.fits , 1952.7839977204194 , 1.5217956983692937 , 276.0551828087919 , 0.03808343439167624 , 711.0358627464175 , 44.1657694323432 , -4.28770581 , 34.06333342068271 , 0.09850466426214818 , 1.0058454568952366 , 0.0054486235123968945
N2.20141016.25991.fits , 1952.5422746479778 , 1.6786450806570037 , 276.05568363260164 , 0.04585445310978134 , 732.6029135407024 , 40.26521779426263 , -4.16781716 , 37.05061406020091 , 0.12363767794807967 , 1.0061132414822407 , 0.0052766256462629755
N2.20141016.26014.fits , 1954.3573300810656 , 1.6948946410100374 , 276.0743079847721 , 0.04454301814985194 , 643.8201959184034 , 41.32805639813945 , -4.19712876 , 35.86509539098104 , 0.14203725786398982 , 1.0056355099499417 , 0.004691781052394759
N2.20141016.26037.fits , 1953.6869309626636 , 1.7873121248358546 , 276.08124144940143 , 0.04858434743568105 , 672.7949667812628 , 44.44199554978504 , -4.21881145 , 39.112816640593266 , 0.16312462973868572 , 1.0053437099077707 , 0.004788191166606606
N2.20141016.26060.fits , 1952.484230173534 , 1.656930501388343 , 276.034855732574 , 0.046322333021266794 , 644.4624399887196 , 48.64452777538066 , -4.18751053 , 38.397698184607066 , 0.1563656475128181 , 1.0062721563447345 , 0.005493751380093643
N2.20141016.26083.fits , 1954.3530183743237 , 1.4772607461929266 , 276.0806155200521 , 0.04127029379544606 , 667.7757047373683 , 50.67300902217911 , -4.2269896 , 36.80123816237071 , 0.13886199044012099 , 1.0054817199773918 , 0.005211789052765886
N2.20141016.26107.fits , 1952.8182974431813 , 1.7700886617420413 , 276.0831002175953 , 0.04699434508206824 , 660.5414875514821 , 49.58333523105238 , -4.22285331049337 , 39.37454672207368 , 0.14184106077253877 , 1.0077473528396617 , 0.008482654540942736
N2.20141016.26163.fits , 1952.2076816082047 , 0.6033698026425718 , 276.0613677487847 , 0.015943286532716146 , 1034.674032404884 , 126.32229539787598 , -3.8682446009043954 , 36.78129842009674 , 0.07482072624068631 , 1.0057578577253896 , 0.006297062924863181
N2.20141016.26190.fits , 1952.9266369573702 , 0.5940884368565951 , 276.0669923147602 , 0.015718590526000036 , 1061.5029812500209 , 123.36847199247445 , -3.8827530640601022 , 37.070757412477754 , 0.0765745216577357 , 1.0081386717438312 , 0.009324719992881533
N2.20141016.26214.fits , 1952.4914655691487 , 0.43946983171804976 , 276.06169501210707 , 0.011236570105928375 , 1169.0913262151767 , 165.14050387646105 , -3.8732259325636846 , 35.03455043434442 , 0.043371455079876955 , 1.0074951414698847 , 0.008534402149791084
N2.20141016.26237.fits , 1953.261198983744 , 0.8872904829992713 , 276.08493442984104 , 0.02428530849861088 , 979.0564430686208 , 92.11289276935149 , -3.8861744035990373 , 41.95410169128638 , 0.11046608864829228 , 1.0074669095331812 , 0.009888872309361781
N2.20141016.26260.fits , 1953.3694959605782 , 0.5837222730203696 , 276.0537833828786 , 0.015394543952322065 , 1025.830675888511 , 120.11012564222774 , -3.8594256002239895 , 38.49527168742648 , 0.06555781221775257 , 1.0073336208862382 , 0.00802028838380382
N2.20141016.26283.fits , 1952.3794584580685 , 0.4541815185284898 , 276.0561812864456 , 0.011897938364874853 , 1177.1075057638104 , 131.5484193682543 , -3.8428539797761303 , 35.296275009043235 , 0.06294879095979271 , 1.0075077382287567 , 0.008807756714454105
N2.20141016.26306.fits , 1952.4632763098234 , 0.5109106711831563 , 276.05116395966985 , 0.013113187006433633 , 987.7126577700908 , 130.5562328503768 , -3.835888313997879 , 36.345250402920065 , 0.06575904571741123 , 1.0067599971470524 , 0.00699539342300997
N2.20141016.26329.fits , 1952.74300768131 , 0.4183435997573859 , 276.06050640008175 , 0.010933300886593045 , 1005.0776100935299 , 164.6274939486481 , -3.8374640564361364 , 34.40937046556764 , 0.05132642396788495 , 1.006363570179209 , 0.007092603485887493
N2.20141016.26352.fits , 1952.768938417084 , 0.46080243309565105 , 276.0641452572315 , 0.01172872512994399 , 1002.2088746900774 , 154.0355954626065 , -3.867035084693992 , 35.415630565956214 , 0.05182806295883944 , 1.0066353359904072 , 0.007365087743969528
