N2.20141016.25568.fits , 3871.404623653199 , 1.684545082003897 , 256.3598905876897 , 0.025441568160213247 , 2410.288844819081 , 31.072204005659593 , -6.293080164822271 , 43.30925876675782 , 0.0573368100769079 , 1.0072645108699723 , 0.008565549297873253
N2.20141016.25677.fits , 3870.559506265257 , 5.434202251415301 , 256.40329195505456 , 0.08007965244141797 , 2057.0874421300127 , 10.525550819852516 , -6.45511493354252 , 40.75711773111337 , 0.06920902662373218 , 1.0082332841610724 , 0.010236749758636856
N2.20141016.25700.fits , 3874.876842437134 , 6.79275902709171 , 256.4933876559616 , 0.11399938311879153 , 1836.8364487238878 , 11.289601069826794 , -6.263368759212922 , 40.96984165005428 , 0.08614465552756224 , 1.0094004469465485 , 0.011353689121362122
N2.20141016.25723.fits , 3865.9600437393156 , 6.553574936849541 , 256.35557071430867 , 0.08476475604265804 , 2009.4653081270044 , 10.450683828572657 , -6.324101055597328 , 41.216575634297584 , 0.09609456087620033 , 1.0082156842118413 , 0.009190177613257158
N2.20141016.25749.fits , 3873.6984703694634 , 10.540754326433069 , 256.4087564642769 , 0.2219852212488369 , 1934.1242095584341 , 10.742384172879497 , -6.331163221926854 , 42.02107275449786 , 0.08469993829260763 , 1.0150153862983229 , 0.025842769586764246
N2.20141016.25772.fits , 3872.0709301641105 , 19.243347121344513 , 256.4520731179002 , 0.2054229125959818 , 1860.0629843708425 , 8.849376926811917 , -6.326330849146551 , 42.056517167584246 , 0.08479429627860158 , 1.051889859664262 , 0.15091951327649733
N2.20141016.25795.fits , 3874.5523742915098 , 9.975321586477186 , 256.4574809158877 , 0.12373857428175104 , 1987.7636049596608 , 8.140197272895634 , -6.431987965533356 , 41.76624369598748 , 0.09496851768739721 , 1.018818188664838 , 0.024478380624226494
N2.20141016.25818.fits , 3872.7430165120127 , 7.487007229454292 , 256.43155860046096 , 0.1036357916798625 , 1928.8444187549226 , 11.423920580387998 , -6.29852155779068 , 40.851669729198875 , 0.0689990702935038 , 1.0062373523474692 , 0.005275754802566288
N2.20141016.25841.fits , 3873.471458736106 , 26.651404805363832 , 256.4614507470295 , 0.4630144099072072 , 1924.300396470374 , 7.150314084845355 , -6.694949642003736 , 40.78569822065677 , 0.07990992099057045 , 1.0906684426406807 , 0.2045098162031872
N2.20141016.26214.fits , 3875.38311501974 , 10.511938400306082 , 256.4176681818589 , 0.11713081170357907 , 1169.0913262151767 , 10.589865800946669 , -6.9299822487906155 , 35.049877164145535 , 0.05704222666967805 , 1.0195325317640451 , 0.030314998926454943
