N2.20160920.19565.fits , 1939.6778347442837 , 0.19092008880335384 , 206.17832295244773 , 0.19460803915335687
N2.20160920.19590.fits , 1939.777076490292 , 0.1943051833656236 , 205.94153708763446 , 0.2145850020559437
N2.20160920.19675.fits , 1940.6828869662575 , 0.21077623010912794 , 205.9444487479119 , 0.2255638173080378
N2.20160920.19715.fits , 1940.291051871443 , 0.20839698267969714 , 206.2989396626196 , 0.21723359037461415
N2.20160920.19741.fits , 1940.371062095271 , 0.23478057801919278 , 205.98153749555954 , 0.2579816008120979
N2.20160920.19767.fits , 1940.2274081054836 , 0.22637898943431964 , 206.12648830983775 , 0.2441837307423558
N2.20160920.19793.fits , 1940.0566688710649 , 0.24874706267281466 , 205.79727615246907 , 0.2552841146343271
N2.20160920.19818.fits , 1939.8373712910047 , 0.238890795410357 , 206.0554739462247 , 0.24458721686773557
N2.20160920.19854.fits , 1939.881963074259 , 0.2503006031256069 , 206.11903090671797 , 0.23575039826625505
N2.20160920.19879.fits , 1940.11328056457 , 0.23803916941676803 , 205.9694296319346 , 0.2552927426986586
N2.20160920.19905.fits , 1940.037122162981 , 0.26042720693176885 , 206.21155167888068 , 0.2754489186240214
N2.20160920.19931.fits , 1940.0913975663564 , 0.2520378137847288 , 205.9928909596279 , 0.27614589936692235
N2.20160920.19956.fits , 1940.1775633740524 , 0.21819397217541472 , 206.24678044066678 , 0.22109267393583296
