N2.20160920.19565.fits , 3754.3737951123717 , 1.8099331264367973 , -910.163107327343 , 1.902349580702261
N2.20160920.19590.fits , 3754.685176132439 , 1.9031990778136125 , -909.2277374486475 , 2.112575820267616
N2.20160920.19675.fits , 3753.1664291983066 , 2.1219637631443575 , -908.9196448300798 , 2.1879033088221487
N2.20160920.19715.fits , 3753.1980286621633 , 2.089150628438069 , -906.5744549298862 , 2.2207288190147123
N2.20160920.19741.fits , 3753.868520514082 , 2.305170052333781 , -906.9616635310064 , 2.426832593646178
N2.20160920.19767.fits , 3754.3434147604285 , 2.122331316314706 , -908.3290784418687 , 2.252100621072223
N2.20160920.19793.fits , 3753.804824011952 , 2.3861422351182946 , -909.0157982782957 , 2.30664520438564
N2.20160920.19818.fits , 3753.7965252371796 , 2.3381334107684597 , -908.5325472511764 , 2.5255466210073565
N2.20160920.19854.fits , 3754.49426672227 , 2.3705554004724334 , -906.2206790657012 , 2.340400559017015
N2.20160920.19879.fits , 3754.8260829979226 , 2.3456778782002856 , -907.478732809123 , 2.4482488215164566
N2.20160920.19905.fits , 3751.5977012235303 , 2.546112070906365 , -908.1704223372284 , 2.7657927311227226
N2.20160920.19931.fits , 3753.9725387266003 , 2.578407156030709 , -908.1438823001065 , 2.800598726626629
N2.20160920.19956.fits , 3753.9079737032343 , 1.9961505169613492 , -909.3969126782671 , 2.0156011927997417
