N2.20160920.19565.fits , 2210.861146784057 , 6.411034258421969 , -1696.7041717267348 , 6.764122958008991
N2.20160920.19590.fits , 2204.3222017696758 , 37.59014555728397 , -1693.903861087387 , 20.386770579818357
N2.20160920.19715.fits , 2209.374682090713 , 14.089549000006285 , -1692.5428331239395 , 15.372049274568827
N2.20160920.19741.fits , 2324.141954470213 , 109.82060940018144 , -1539.3101044388106 , 123.12277952113622
N2.20160920.19767.fits , 2210.198866508781 , 11.374623493985805 , -1702.544974591771 , 13.550539076400076
N2.20160920.19793.fits , 2196.6575574984427 , 48.460320004667246 , -1699.14222379695 , 28.000186915601738
N2.20160920.19818.fits , 1972.5729274178652 , 126.84110543627317 , -1900.9163603510854 , 111.15744881023882
N2.20160920.19854.fits , 2242.984200183131 , 84.11253787574174 , -1696.0714546554427 , 51.287387381533726
N2.20160920.19879.fits , 2212.309292834123 , 9.882130550297742 , -1700.8577948034156 , 14.586971970805035
N2.20160920.19905.fits , 2260.568634743567 , 102.99875843337531 , -1920.2740180720878 , 132.04132325458562
N2.20160920.19931.fits , 2214.4020175296146 , 9.822717345572787 , -1700.2700022714273 , 10.752467810699844
N2.20160920.19956.fits , 2035.9149922560619 , 85.4327838008963 , -2144.016466281525 , 86.77847818961403
