N2.20160920.19565.fits , 1950.6030708158876 , 0.19092060206061526 , 276.0675683049639 , 0.0057162813918275705 , 3503.9449804655496 , 469.3198984462545 , -3.6465360201711814 , 41.53808186809092 , 0.03454064185758395 , 1.0054950558179865 , 0.004164072781079914
N2.20160920.19590.fits , 1950.6778182394257 , 0.1939882998421272 , 276.06022056709446 , 0.0063112501641709095 , 3502.451170005606 , 430.5411495252025 , -3.6498627036959572 , 44.47090916628205 , 0.03849289799322072 , 1.0042375168557736 , 0.0025311212893145006
N2.20160920.19675.fits , 1951.5818379342363 , 0.20963255543843923 , 276.0575786622041 , 0.00665346562911267 , 2145.4324998730835 , 356.77329246439734 , -3.667859605025056 , 41.59631623615277 , 0.04324526200562532 , 1.0050241547080059 , 0.003641058970133253
N2.20160920.19715.fits , 1951.2278064862226 , 0.2074604521129642 , 276.0690993821334 , 0.006405119478849826 , 2241.2021523528 , 422.2189117053878 , -3.6606104689150243 , 40.69509821113023 , 0.040080570676997745 , 1.004972661762694 , 0.0035271187404984803
N2.20160920.19741.fits , 1951.2712754263953 , 0.2340410200915698 , 276.0596475548996 , 0.007594888518367011 , 2536.0672581395474 , 348.36066741103895 , -3.6935920501300608 , 41.906705958897 , 0.036569893773601626 , 1.004979342651642 , 0.0035083812561554147
N2.20160920.19767.fits , 1951.145323218403 , 0.22748234332948872 , 276.0643477029505 , 0.007140318594218395 , 2286.2702456860156 , 355.8415166436923 , -3.6788820676387317 , 40.85175789612668 , 0.048698889845471445 , 1.0050964928165826 , 0.003917590491666147
N2.20160920.19793.fits , 1950.9413391502678 , 0.24647664002937855 , 276.05518036516804 , 0.007561648797194657 , 2246.530586176008 , 388.6058425808166 , -3.6708857498481926 , 41.36113219232107 , 0.0434650340835342 , 1.0057567555783646 , 0.0052905496173114375
N2.20160920.19818.fits , 1950.7476962417775 , 0.23818137285029445 , 276.06335781014724 , 0.007204106153993419 , 2582.670714256148 , 364.9096709888978 , -3.676697063629815 , 41.538408548091645 , 0.04905101956984615 , 1.0044162228408793 , 0.0024483625907802146
N2.20160920.19854.fits , 1950.8004485869158 , 0.2495178375588555 , 276.0651331792254 , 0.006948406670431572 , 2527.8484604013574 , 377.6008368049288 , -3.6688826223037516 , 44.64787989130646 , 0.05206197055617769 , 1.0040275637639682 , 0.0026504152738541023
N2.20160920.19879.fits , 1951.017016626086 , 0.23692015389837873 , 276.06005947052597 , 0.0075277312737167795 , 2359.843985029953 , 366.2265797766313 , -3.6874839881003467 , 41.51918133339285 , 0.04269022440043171 , 1.0048985533815753 , 0.0034170320314128324
N2.20160920.19905.fits , 1950.967773978362 , 0.2578557553438639 , 276.0673644303116 , 0.008160099306331305 , 2127.0522015671045 , 372.6383385000441 , -3.687923743803859 , 41.69672557069598 , 0.04921038236524909 , 1.0056081838732203 , 0.003980628555064574
N2.20160920.19931.fits , 1950.9982090421447 , 0.2519629319537016 , 276.0607714109813 , 0.008111707272455894 , 2284.9640147853765 , 334.0309295967276 , -3.675803587394224 , 45.35434422721551 , 0.04805807589815181 , 1.005810504501283 , 0.004659779682231337
N2.20160920.19956.fits , 1951.1123244453088 , 0.21773703511636117 , 276.06797952098475 , 0.006505769884654495 , 2543.6035508319624 , 350.81935177606726 , -3.677058793172373 , 42.52255341814666 , 0.04759215712037015 , 1.0048655791165964 , 0.00323290072785456
