N2.20160920.19565.fits , 3863.1293964903352 , 1.8358560426730164 , 256.37293990593594 , 0.02784378867686977 , 3503.9449804655496 , 41.29010592809581 , -6.294474476442346 , 40.817439710233046 , 0.03754410213772544 , 1.0041079648931874 , 0.0031504419262983626
N2.20160920.19590.fits , 3863.191212939811 , 1.9314497786660396 , 256.38730055887885 , 0.03094938538037788 , 3502.451170005606 , 42.666861497175915 , -6.343721821802658 , 40.72795249518771 , 0.03377359024293088 , 1.0041413180001637 , 0.0033248105063952726
N2.20160920.19675.fits , 3861.6515596256536 , 2.139976042238181 , 256.3864152554543 , 0.03220088888156577 , 2145.4324998730835 , 31.904474932557736 , -6.264205003571478 , 44.52322313303849 , 0.04122423915139405 , 1.0045412207133717 , 0.003728176444536107
N2.20160920.19715.fits , 3861.149628798425 , 2.143599419600878 , 256.4203010486239 , 0.03217436708363923 , 2241.2021523528 , 39.730831165345805 , -6.260562266680527 , 43.319324930969756 , 0.04195143866792791 , 1.0049143714739002 , 0.0039000316198588405
N2.20160920.19741.fits , 3861.893455692214 , 2.3605149504600336 , 256.41722638386676 , 0.03520702601670712 , 2536.0672581395474 , 28.458716450216038 , -6.250077071073067 , 44.52268804546406 , 0.045505956127289464 , 1.0045440563171497 , 0.0033504118540923842
N2.20160920.19767.fits , 3862.6688019481485 , 2.1546468191643786 , 256.39879166786375 , 0.03294765475904664 , 2286.2702456860156 , 35.02554088763204 , -6.268104463910721 , 40.85013843359821 , 0.04361528827347565 , 1.004185088701707 , 0.0033039025288869837
N2.20160920.19793.fits , 3862.2993534257434 , 2.434147208317683 , 256.38744824891035 , 0.03346592560874795 , 2246.530586176008 , 35.90308176576692 , -6.247471580958447 , 45.701442316111326 , 0.058112882509557116 , 1.004429168572032 , 0.003503319841727608
N2.20160920.19818.fits , 3862.1843550309036 , 2.3708903921540263 , 76.394367605227 , 0.03701087894647061 , 2582.670714256148 , 32.83039074991803 , -6.287758288888005 , 41.51841758155259 , 0.05125310689573606 , 1.0046676478585521 , 0.003605749534688193
N2.20160920.19854.fits , 3862.3194449045177 , 2.377967110161845 , 76.43016280517658 , 0.03460714457674686 , 2527.8484604013574 , 38.46439732273768 , -6.141087861223776 , 44.66622632740037 , 0.048953907615750275 , 1.0049489215292973 , 0.004128828910449848
N2.20160920.19879.fits , 3862.9387394375235 , 2.383708989150204 , 256.4127640261688 , 0.03576406045023668 , 2359.843985029953 , 35.40192367358754 , -6.181343432006557 , 44.215046506419796 , 0.04921386611622769 , 1.0042489448288288 , 0.0029038672933633537
N2.20160920.19905.fits , 3859.9661546464026 , 2.6493302337565727 , 256.39180254923025 , 0.03958924715274095 , 2127.0522015671045 , 34.01810121535328 , -6.2361213900268755 , 41.69537332517471 , 0.048754214223949904 , 1.004417714167653 , 0.0035177880825213175
N2.20160920.19931.fits , 3862.263115521251 , 2.6078411956778753 , 256.40035833051013 , 0.04114017837739815 , 2284.9640147853765 , 30.531474307333326 , -6.271059259185682 , 45.335481580520394 , 0.05371974839258886 , 1.0046288686753257 , 0.00400367055164753
N2.20160920.19956.fits , 3862.4970506426093 , 2.014158208911501 , 256.38221089946745 , 0.029632258227058263 , 2543.6035508319624 , 33.95268788341097 , -6.300387246336069 , 42.517579239939394 , 0.04369213987799173 , 1.0038697916514407 , 0.0028369913350707525
