N2.20190612.43362.fits , -3741.203360588288 , 1.477178141500082 , 907.1450697856701 , 1.5715187979842007
N2.20190612.43362.fits , -3741.203360588288 , 1.477178141500082 , 907.1450697856701 , 1.5715187979842007
N2.20190612.43405.fits , -3742.0668811869555 , 1.3267047265308491 , 907.3691948974916 , 1.3349587951325943
N2.20190612.43480.fits , -3739.771816279857 , 1.3168695387044744 , 907.0142177817329 , 1.2859881373789264
N2.20190612.43522.fits , -3740.4037384992116 , 1.2914050507558403 , 907.2022830915524 , 1.3505969065202827
N2.20190612.43565.fits , -3739.7004377413014 , 1.4336588570543582 , 906.7575829837882 , 1.4293359354965784
N2.20190612.43608.fits , -3739.7003403909475 , 1.5108768135195476 , 907.1021518199342 , 1.4732951599015403
N2.20190612.43651.fits , -3739.7260224707884 , 1.5683201505158426 , 906.8817669570484 , 1.5734824579376026
N2.20190612.43694.fits , -3740.331005740717 , 1.3097453021782663 , 906.2406606666669 , 1.3927606578221803
N2.20190612.43737.fits , -3739.1641426002125 , 1.3168781840109878 , 908.1484533541724 , 1.3520320095230243
N2.20190612.43780.fits , -3739.979051770298 , 1.343713348238892 , 907.0804400705358 , 1.4023105535576688
