N2.20190612.43362.fits , 3849.599094742012 , 1.4984246024377104 , 76.3703755906135 , 0.023088435101507078 , 1689.4213945599395 , 56.38341795990976 , -6.338933610493758 , 41.40699456467304 , 0.026526965583661116 , 1.0075743982141034 , 0.006018641985470256
N2.20190612.43405.fits , 3850.5083284687075 , 1.3064430479618014 , 76.37018026610161 , 0.02015946370101169 , 2067.3381710582225 , 54.33207105381535 , -6.309691160950003 , 40.96645473272067 , 0.02906235232989613 , 1.021918556656866 , 0.055658278209878814
N2.20190612.43480.fits , 3848.208570573327 , 1.3250041319719528 , 76.36720476620444 , 0.01902224687328138 , 1917.084788941969 , 55.76834442875421 , -6.307031629786973 , 40.76540592974872 , 0.028131959373398636 , 1.0063969197482878 , 0.005624190768122455
N2.20190612.43522.fits , 3848.8426373014922 , 1.295287889910897 , 76.36674709685158 , 0.02005016463087599 , 1848.330570513418 , 50.02648116956661 , -6.249535378370439 , 39.55907771034808 , 0.027052925671909953 , 1.0066329054949352 , 0.006072455660920726
N2.20190612.43565.fits , 3848.05403383894 , 1.4210056101173227 , 76.37075379567922 , 0.021469434543290485 , 1990.439496332501 , 53.70548429355978 , -6.403749824727086 , 41.844613344737674 , 0.029704137509893022 , 1.0055158407450748 , 0.005113135182109383
N2.20190612.43608.fits , 3848.145371941717 , 1.5029871604449938 , 76.36572994509501 , 0.022056037134307885 , 1881.7087315934898 , 46.708200470635525 , -6.364190963269131 , 41.481226093117 , 0.03093356214983622 , 1.0047368131057863 , 0.003773899069727161
N2.20190612.43651.fits , 3848.1213166687126 , 1.5667800453125007 , 76.36927107095033 , 0.023451007817599984 , 1749.0007719952837 , 41.95174132325406 , -6.390166946120772 , 40.27816384188235 , 0.033282240998536085 , 1.0076178759627683 , 0.006636172382005899
N2.20190612.43694.fits , 3848.557336346615 , 1.3090432077408611 , 76.38013297237086 , 0.02074472270180134 , 1883.9869373710208 , 48.87199182177005 , -6.314404311190241 , 40.05122923935437 , 0.02697673769220808 , 1.0064002433431039 , 0.005787795681824081
N2.20190612.43737.fits , 3847.85769054189 , 1.3065694034744408 , 76.34862095557479 , 0.020280475121497197 , 1435.4833678678547 , 52.20825226146665 , -6.25782932267807 , 39.043064545779394 , 0.027969803821364728 , 1.0052900267230362 , 0.004620855367318925
N2.20190612.43780.fits , 3848.4010887713075 , 1.3215872352426654 , 76.36690461908323 , 0.021188652289683967 , 1920.1093934157918 , 61.22346024387522 , -6.289761965556888 , 39.435849685072974 , 0.025860212873622602 , 1.0065253166540498 , 0.005249790191784
